1767999979212 0.0 49
1768000019253 0.0 99
1768000066316 0.0 124
1768000066689 0.0 124
1768000107651 1.0 149
1768000147363 1.0 199
1768000186996 1.0 249
1768000215179 1.0 249
1768000215476 1.0 249
1768000277757 2.0 299
1768000318793 2.0 349
1768000366007 2.0 374
1768000366318 2.0 374
1768000406672 3.0 399
1768000446516 3.0 449
1768000486448 3.0 499
1768000512747 3.0 499
1768000513050 3.0 499
1768000573845 4.0 549
1768000613860 4.0 599
1768000660018 4.0 624
1768000660333 4.0 624
1768000701015 5.0 649
1768000740968 5.0 699
1768000781018 5.0 749
1768000807622 5.0 749
1768000807632 5.0 749
1768000868347 6.0 799
1768000910595 6.0 849
1768000956959 6.0 874
1768000956969 6.0 874
1768000997410 7.0 899
1768001037482 7.0 949
1768001077389 7.0 999
1768001103179 7.0 999
1768001103489 7.0 999
1768001163482 8.0 1049
1768001203363 8.0 1099
1768001248947 8.0 1124
1768001249290 8.0 1124
1768001289474 9.0 1149
1768001329200 9.0 1199
1768001368986 9.0 1249
1768001395213 9.0 1249
1768001395222 9.0 1249
1768001455455 10.0 1299
1768001495747 10.0 1349
1768001542439 10.0 1374
1768001542449 10.0 1374
1768001582805 11.0 1399
1768001622664 11.0 1449
1768001662632 11.0 1499
1768001688737 11.0 1499
1768001688745 11.0 1499
1768001749437 12.0 1549
1768001789694 12.0 1599
1768001836395 12.0 1624
1768001836404 12.0 1624
1768001877876 13.0 1649
1768001917875 13.0 1699
1768001958148 13.0 1749
1768001984865 13.0 1749
1768001984874 13.0 1749
1768002046762 14.0 1799
1768002086856 14.0 1849
1768002133735 14.0 1874
1768002133745 14.0 1874
1768002174117 15.0 1899
1768002214075 15.0 1949
1768002253919 15.0 1999
1768002280751 15.0 1999
1768002280760 15.0 1999
1768002341169 16.0 2049
1768002381976 16.0 2099
1768002428837 16.0 2124
1768002428846 16.0 2124
1768002470541 17.0 2149
1768002511533 17.0 2199
1768002551780 17.0 2249
1768002578369 17.0 2249
1768002578379 17.0 2249
1768002638738 18.0 2299
1768002678584 18.0 2349
1768002725396 18.0 2374
1768002725405 18.0 2374
