1767999979212 0.125 49
1768000019253 0.3125 99
1768000107651 0.75 149
1768000147363 0.75 199
1768000186996 0.8125 249
1768000277757 0.875 299
1768000318793 0.75 349
1768000406672 0.8125 399
1768000446516 0.75 449
1768000486448 0.6875 499
1768000573845 0.9375 549
1768000613860 0.8125 599
1768000701015 0.9375 649
1768000740968 0.875 699
1768000781018 0.875 749
1768000868347 0.9375 799
1768000910595 0.9375 849
1768000997410 1.0 899
1768001037482 1.0 949
1768001077389 0.875 999
1768001163482 0.9375 1049
1768001203363 1.0 1099
1768001289474 1.0 1149
1768001329200 1.0 1199
1768001368986 1.0 1249
1768001455455 1.0 1299
1768001495747 1.0 1349
1768001582805 1.0 1399
1768001622664 0.9375 1449
1768001662632 0.9375 1499
1768001749437 0.9375 1549
1768001789694 0.9375 1599
1768001877876 1.0 1649
1768001917875 1.0 1699
1768001958148 1.0 1749
1768002046762 0.9375 1799
1768002086856 1.0 1849
1768002174117 1.0 1899
1768002214075 1.0 1949
1768002253919 1.0 1999
1768002341169 1.0 2049
1768002381976 1.0 2099
1768002470541 1.0 2149
1768002511533 1.0 2199
1768002551780 0.9375 2249
1768002638738 1.0 2299
1768002678584 1.0 2349
