1768000066689 3.5785417556762695 124
1768000215476 2.206655979156494 249
1768000366318 1.3293054103851318 374
1768000513050 0.9261739253997803 499
1768000660333 0.692655622959137 624
1768000807632 0.5341522097587585 749
1768000956969 0.4080260992050171 874
1768001103489 0.3465668857097626 999
1768001249290 0.2914673686027527 1124
1768001395222 0.23620723187923431 1249
1768001542449 0.20507295429706573 1374
1768001688745 0.1658313274383545 1499
1768001836404 0.15798351168632507 1624
1768001984874 0.12217573821544647 1749
1768002133745 0.1151045486330986 1874
1768002280760 0.11293704807758331 1999
1768002428846 0.09614913165569305 2124
1768002578379 0.10771680623292923 2249
1768002725405 0.0826624408364296 2374
