1768000066689 0.1940000057220459 124
1768000215476 0.5774999856948853 249
1768000366318 0.7365000247955322 374
1768000513050 0.7979999780654907 499
1768000660333 0.8529999852180481 624
1768000807632 0.8820000290870667 749
1768000956969 0.9164999723434448 874
1768001103489 0.9279999732971191 999
1768001249290 0.9419999718666077 1124
1768001395222 0.9589999914169312 1249
1768001542449 0.9559999704360962 1374
1768001688745 0.9679999947547913 1499
1768001836404 0.968500018119812 1624
1768001984874 0.9769999980926514 1749
1768002133745 0.9789999723434448 1874
1768002280760 0.9769999980926514 1999
1768002428846 0.9825000166893005 2124
1768002578379 0.9800000190734863 2249
1768002725405 0.9860000014305115 2374
