1767999979212 3.695956230163574 49
1768000019253 3.266819477081299 99
1768000107651 2.142385482788086 149
1768000147363 1.7829461097717285 199
1768000186996 1.7455615997314453 249
1768000277757 1.3152087926864624 299
1768000318793 1.0897172689437866 349
1768000406672 1.1709305047988892 399
1768000446516 0.9455205202102661 449
1768000486448 0.9193618297576904 499
1768000573845 0.48294225335121155 549
1768000613860 0.6145644187927246 599
1768000701015 0.4547594487667084 649
1768000740968 0.6165391206741333 699
1768000781018 0.5522077083587646 749
1768000868347 0.3158038258552551 799
1768000910595 0.42756056785583496 849
1768000997410 0.38212674856185913 899
1768001037482 0.2694433033466339 949
1768001077389 0.35382241010665894 999
1768001163482 0.26031869649887085 1049
1768001203363 0.19955086708068848 1099
1768001289474 0.1561388373374939 1149
1768001329200 0.1565440595149994 1199
1768001368986 0.05647444725036621 1249
1768001455455 0.03161120414733887 1299
1768001495747 0.12492235004901886 1349
1768001582805 0.16134388744831085 1399
1768001622664 0.25734880566596985 1449
1768001662632 0.19867181777954102 1499
1768001749437 0.2847294211387634 1549
1768001789694 0.29848021268844604 1599
1768001877876 0.041625212877988815 1649
1768001917875 0.03705856204032898 1699
1768001958148 0.10056234896183014 1749
1768002046762 0.12235458195209503 1799
1768002086856 0.015529164113104343 1849
1768002174117 0.052020363509655 1899
1768002214075 0.06523896008729935 1949
1768002253919 0.13497765362262726 1999
1768002341169 0.04564466327428818 2049
1768002381976 0.13617268204689026 2099
1768002470541 0.07519937306642532 2149
1768002511533 0.05021873861551285 2199
1768002551780 0.24508431553840637 2249
1768002638738 0.026051582768559456 2299
1768002678584 0.06568285077810287 2349
